600 	0 	0 	0  	0.00 	0.00000  	0.00 	0.00000  	3.64 2.97 4.00 2.97  	0.00000 0.00000 0.00000 0.00000
600 	137 	1 	4.4  	0.00 	0.00000  	0.00 	0.00000  	4.33 3.00 4.05 3.00  	0.00527 0.00366 0.00494 0.00366
600 	234 	2 	5.1  	0.00 	0.00000  	0.00 	0.00000  	4.91 3.17 4.99 3.99  	0.00701 0.00453 0.00712 0.00569
600 	318 	3 	5.7  	0.00 	0.00000  	0.00 	0.00000  	5.36 3.79 5.07 4.00  	0.00852 0.00602 0.00805 0.00635
600 	380 	4 	6.4  	0.00 	0.00000  	0.00 	0.00000  	5.82 3.89 5.99 4.20  	0.01029 0.00689 0.01060 0.00743
600 	385 	5 	7.9  	0.00 	0.00000  	0.00 	0.00000  	5.79 3.94 5.99 4.30  	0.01264 0.00860 0.01308 0.00938
600 	378 	6 	9.6  	0.00 	0.00000  	0.00 	0.00000  	5.75 3.94 5.99 4.21  	0.01531 0.01050 0.01596 0.01120
600 	375 	7 	11.3  	0.00 	0.00000  	0.00 	0.00000  	5.75 3.97 5.98 4.23  	0.01805 0.01247 0.01880 0.01328
600 	369 	8 	13.1  	0.00 	0.00000  	0.00 	0.00000  	5.73 3.88 5.98 4.20  	0.02091 0.01417 0.02184 0.01531
600 	368 	10 	16.5  	0.00 	0.00000  	0.00 	0.00000  	5.78 3.96 5.98 4.22  	0.02648 0.01814 0.02742 0.01935
600 	367 	14 	23.3  	0.00 	0.00000  	0.00 	0.00000  	5.75 3.92 5.99 4.25  	0.03726 0.02541 0.03886 0.02758
