# loop  runs  threads   time    rapl    rapl            tasmota				tasmota
# time                  per     con     watthour        measured consumption		watthourperrun
#                       job     sumption  perrun        
#
600     0       0       0.0   	0.35    0.00000         2.97 2.06 3.22 2.27     	0 0 0 0
600 	559 	1 	1.1  	10.18 	0.00304  	17.83 7.53 17.98 16.11  	0.00533 0.00225 0.00537 0.00481
600 	910 	2 	1.3  	11.90 	0.00437  	21.07 8.85 21.12 18.94  	0.00773 0.00325 0.00775 0.00695
600 	1081 	3 	1.7  	11.35 	0.00526  	20.96 8.44 20.92 18.49  	0.00971 0.00391 0.00969 0.00857
600 	1253 	4 	1.9  	11.80 	0.00629  	21.95 9.50 21.96 19.75  	0.01170 0.00506 0.01171 0.01053
600 	1201 	5 	2.5  	11.48 	0.00798  	21.35 8.83 21.35 19.45  	0.01484 0.00614 0.01484 0.01352
600 	1151 	6 	3.1  	11.14 	0.00971  	20.89 8.44 20.91 19.05  	0.01821 0.00736 0.01823 0.01661
600 	1090 	7 	3.9  	10.70 	0.01149  	20.50 8.85 20.54 18.38  	0.02202 0.00950 0.02206 0.01974
600 	1028 	8 	4.7  	10.18 	0.01323  	19.93 8.86 19.94 17.86  	0.02590 0.01152 0.02591 0.02320
600 	1018 	10 	5.9  	10.13 	0.01666  	19.96 8.89 20.00 17.85  	0.03283 0.01463 0.03291 0.02937
600 	1004 	14 	8.4  	10.04 	0.02352  	19.44 8.51 19.44 17.41  	0.04556 0.01994 0.04556 0.04080
