# loop  runs  threads  	time	rapl  	rapl		bat	bat
# time  		per	con  	watthour  	con  	watthour
# 			job  	sumption  perrun  	sumed  	perrun
#
#
600 	0 	0 	0.0  	0.24 	0.00000  	1.56 	0.00000
600 	558 	1 	1.1  	10.23 	0.00306  	14.80 	0.00443
600 	931 	2 	1.3  	12.30 	0.00441  	17.73 	0.00636
600 	1082 	3 	1.7  	11.30 	0.00523  	16.35 	0.00757
600 	1252 	4 	1.9  	11.79 	0.00629  	17.85 	0.00952
600 	1204 	5 	2.5  	11.37 	0.00789  	17.64 	0.01225
600 	1151 	6 	3.1  	11.05 	0.00962  	17.61 	0.01533
600 	1093 	7 	3.9  	10.62 	0.01137  	17.40 	0.01864
600 	1028 	8 	4.7  	9.98 	0.01300  	17.01 	0.02218
600 	1020 	10 	5.9  	10.08 	0.01655  	16.78 	0.02755
600 	1007 	14 	8.4  	9.93 	0.02319  	16.60 	0.03879
