600 	0 	0 	0  	0.00 	0.00000  	0.00 	0.00000  	4.72 2.95 5.00 4.02  	0.00000 0.00000 0.00000 0.00000
600 	129 	1 	4.7  	0.00 	0.00000  	0.00 	0.00000  	6.36 3.91 6.02 4.99  	0.00827 0.00509 0.00783 0.00649
600 	210 	2 	5.8  	0.00 	0.00000  	0.00 	0.00000  	6.82 3.98 6.98 5.99  	0.01092 0.00638 0.01118 0.00959
600 	285 	3 	6.3  	0.00 	0.00000  	0.00 	0.00000  	7.25 3.99 6.99 5.99  	0.01276 0.00703 0.01231 0.01055
600 	360 	4 	6.7  	0.00 	0.00000  	0.00 	0.00000  	7.57 4.04 7.89 6.07  	0.01417 0.00756 0.01475 0.01135
600 	362 	5 	8.4  	0.00 	0.00000  	0.00 	0.00000  	7.61 4.05 7.94 6.05  	0.01767 0.00940 0.01844 0.01404
600 	359 	6 	10.1  	0.00 	0.00000  	0.00 	0.00000  	7.61 4.07 7.93 6.03  	0.02140 0.01146 0.02231 0.01697
600 	356 	7 	12.0  	0.00 	0.00000  	0.00 	0.00000  	7.68 4.23 7.97 6.06  	0.02551 0.01404 0.02646 0.02012
600 	352 	8 	13.9  	0.00 	0.00000  	0.00 	0.00000  	7.63 4.16 7.92 6.13  	0.02942 0.01605 0.03055 0.02365
600 	351 	10 	17.4  	0.00 	0.00000  	0.00 	0.00000  	7.60 4.03 7.94 6.09  	0.03662 0.01944 0.03828 0.02935
600 	350 	14 	24.6  	0.00 	0.00000  	0.00 	0.00000  	7.60 4.06 7.96 6.07  	0.05187 0.02767 0.05431 0.04138
