600 	0 	0 	0  	1.77 	0.00000  	2.45 	0.00000  	0.00 0.00 0.00 0.00  	0.00000 0.00000 0.00000 0.00000
600 	509 	1 	1.2  	4.96 	0.00163  	8.43 	0.00277  	0.00 0.00 0.00 0.00  	0.00000 0.00000 0.00000 0.00000
600 	780 	2 	1.5  	7.58 	0.00326  	11.94 	0.00513  	0.00 0.00 0.00 0.00  	0.00000 0.00000 0.00000 0.00000
600 	918 	3 	2.0  	8.93 	0.00489  	14.57 	0.00797  	0.00 0.00 0.00 0.00  	0.00000 0.00000 0.00000 0.00000
600 	1057 	4 	2.3  	10.33 	0.00655  	17.25 	0.01094  	0.00 0.00 0.00 0.00  	0.00000 0.00000 0.00000 0.00000
600 	1144 	5 	2.6  	10.68 	0.00783  	18.30 	0.01342  	0.00 0.00 0.00 0.00  	0.00000 0.00000 0.00000 0.00000
600 	1243 	6 	2.9  	11.11 	0.00898  	19.70 	0.01593  	0.00 0.00 0.00 0.00  	0.00000 0.00000 0.00000 0.00000
600 	1351 	7 	3.1  	11.56 	0.01005  	20.86 	0.01813  	0.00 0.00 0.00 0.00  	0.00000 0.00000 0.00000 0.00000
600 	1461 	8 	3.3  	12.03 	0.01105  	22.29 	0.02048  	0.00 0.00 0.00 0.00  	0.00000 0.00000 0.00000 0.00000
600 	1454 	10 	4.2  	 96.48 	 0.11133  	22.71 	0.02620  	0.00 0.00 0.00 0.00  	0.00000 0.00000 0.00000 0.00000
600 	1447 	12 	5.0  	12.01 	0.01674  	22.97 	0.03201  	0.00 0.00 0.00 0.00  	0.00000 0.00000 0.00000 0.00000
600 	1438 	14 	5.9  	11.97 	0.01959  	23.09 	0.03777  	0.00 0.00 0.00 0.00  	0.00000 0.00000 0.00000 0.00000
