# loop  runs  threads  	time	rapl  	rapl		bat	bat
# time  		per	con  	watthour  	con  	watthour
# 			job  	sumption  perrun  	sumed  	perrun
#
300 	0 	0 	0  	0.00 	0.00000  	1.79 	0.00000  	0.00 0.00 0.00 0.00  	0.00000 0.00000 0.00000 0.00000  
300 	476 	1 	0.6  	0.00 	0.00000  	12.08 	0.00212  	0.00 0.00 0.00 0.00  	0.00000 0.00000 0.00000 0.00000  
300 	946 	2 	0.6  	0.00 	0.00000  	13.40 	0.00237  	0.00 0.00 0.00 0.00  	0.00000 0.00000 0.00000 0.00000  
300 	1419 	3 	0.6  	0.00 	0.00000  	16.69 	0.00296  	0.00 0.00 0.00 0.00  	0.00000 0.00000 0.00000 0.00000  
300 	1888 	4 	0.6  	0.00 	0.00000  	18.24 	0.00324  	0.00 0.00 0.00 0.00  	0.00000 0.00000 0.00000 0.00000  
300 	2355 	5 	0.6  	0.00 	0.00000  	32.78 	0.00584  	0.00 0.00 0.00 0.00  	0.00000 0.00000 0.00000 0.00000  
300 	2816 	6 	0.6  	0.00 	0.00000  	27.99 	0.00499  	0.00 0.00 0.00 0.00  	0.00000 0.00000 0.00000 0.00000  
300 	3153 	7 	0.7  	0.00 	0.00000  	26.46 	0.00493  	0.00 0.00 0.00 0.00  	0.00000 0.00000 0.00000 0.00000  
300 	3419 	8 	0.7  	0.00 	0.00000  	27.89 	0.00548  	0.00 0.00 0.00 0.00  	0.00000 0.00000 0.00000 0.00000  
300 	3645 	10 	0.8  	0.00 	0.00000  	26.58 	0.00612  	0.00 0.00 0.00 0.00  	0.00000 0.00000 0.00000 0.00000  
300 	3625 	12 	1.0  	0.00 	0.00000  	29.09 	0.00808  	0.00 0.00 0.00 0.00  	0.00000 0.00000 0.00000 0.00000  
300 	3550 	13 	1.1  	0.00 	0.00000  	48.04 	0.01476  	0.00 0.00 0.00 0.00  	0.00000 0.00000 0.00000 0.00000
300 	3576 	14 	1.2  	0.00 	0.00000  	53.64 	0.01762  	0.00 0.00 0.00 0.00  	0.00000 0.00000 0.00000 0.00000
