# loop  runs  threads  	time	rapl  	bat	tasmota
# time  		per	con  	con	measured consumption
# 			job  	sumption sumed
#
#
600 	0 	0 	0.0  	0.24 	1.56 	2.97 2.06 3.22 2.27
600 	558 	1 	1.1  	10.23 	14.80 	17.83 7.53 17.98 16.11
600 	931 	2 	1.3  	12.30 	17.73 	21.07 8.85 21.12 18.94
600 	1082 	3 	1.7  	11.30 	16.35 	20.96 8.44 20.92 18.49
600 	1252 	4 	1.9  	11.79 	17.85 	21.95 9.50 21.96 19.75
600 	1204 	5 	2.5  	11.37 	17.64 	21.35 8.83 21.35 19.45
600 	1151 	6 	3.1  	11.05 	17.61 	20.89 8.44 20.91 19.05
600 	1093 	7 	3.9  	10.62 	17.40 	20.50 8.85 20.54 18.38
600 	1028 	8 	4.7  	9.98 	17.01 	19.93 8.86 19.94 17.86
600 	1020 	10 	5.9  	10.08 	16.78 	19.96 8.89 20.00 17.85
600 	1007 	14 	8.4  	9.93 	16.60 	19.44 8.51 19.44 17.41
